mae: 12.036499455930358
mse: 670.6130354091404
medae: 3.977999999999999
msle: 0.10557340401199672
rmsle: 0.3249206118608001
evs: 0.8460312386699139
r2: 0.84599616449041
